401 0 WT01-B04-284 0
401 0 WT01-B05-1 0
401 0 WT01-B05-19 0
401 0 WT01-B05-2 0
401 0 WT01-B05-3 0
401 0 WT01-B05-4 0
401 0 WT01-B05-63 0
401 0 WT01-B07-34 0
401 0 WT01-B07-37 0
401 0 WT01-B07-39 0
401 0 WT01-B07-47 0
401 0 WT01-B11-24 0
401 0 WT01-B11-65 0
401 0 WT01-B12-270 0
401 0 WT01-B13-140 0
401 0 WT01-B13-162 0
401 0 WT01-B13-61 0
401 0 WT01-B13-7 0
401 0 WT01-B14-111 0
401 0 WT01-B14-152 0
401 0 WT01-B14-160 0
401 0 WT01-B14-204 0
401 0 WT01-B14-36 0
401 0 WT01-B15-5 0
401 0 WT01-B15-9 0
401 0 WT01-B16-75 0
401 0 WT01-B20-152 0
401 0 WT01-B23-12 0
401 0 WT01-B23-34 0
401 0 WT01-B30-6 0
401 0 WT01-B34-46 0
401 0 WT01-B38-29 0
401 0 WT02-B05-4 0
401 0 WT02-B11-54 0
401 0 WT02-B11-69 0
401 0 WT02-B12-150 0
401 0 WT02-B12-163 0
401 0 WT02-B12-169 0
401 0 WT02-B12-171 0
401 0 WT02-B12-172 1
401 0 WT02-B12-218 0
401 0 WT02-B12-219 1
401 0 WT02-B12-220 1
401 0 WT02-B12-221 1
401 0 WT02-B12-222 0
401 0 WT02-B12-223 0
401 0 WT02-B12-224 0
401 0 WT02-B12-225 0
401 0 WT02-B12-226 0
401 0 WT02-B13-1 0
401 0 WT02-B13-10 0
401 0 WT02-B13-128 1
401 0 WT02-B13-129 1
401 0 WT02-B13-130 0
401 0 WT02-B13-131 1
401 0 WT02-B13-132 1
401 0 WT02-B13-133 1
401 0 WT02-B13-134 1
401 0 WT02-B13-135 1
401 0 WT02-B13-136 1
401 0 WT02-B13-137 1
401 0 WT02-B13-15 0
401 0 WT02-B13-16 0
401 0 WT02-B13-2 1
401 0 WT02-B13-28 0
401 0 WT02-B13-3 1
401 0 WT02-B13-31 0
401 0 WT02-B13-33 0
401 0 WT02-B13-34 0
401 0 WT02-B13-35 0
401 0 WT02-B13-36 0
401 0 WT02-B13-4 0
401 0 WT02-B13-40 0
401 0 WT02-B13-41 0
401 0 WT02-B13-43 0
401 0 WT02-B13-45 0
401 0 WT02-B13-8 0
401 0 WT02-B14-1 1
401 0 WT02-B14-10 1
401 0 WT02-B14-11 1
401 0 WT02-B14-12 0
401 0 WT02-B14-13 0
401 0 WT02-B14-14 1
401 0 WT02-B14-15 1
401 0 WT02-B14-16 1
401 0 WT02-B14-17 1
401 0 WT02-B14-2 1
401 0 WT02-B14-3 1
401 0 WT02-B14-4 1
401 0 WT02-B14-5 0
401 0 WT02-B14-6 1
401 0 WT02-B14-7 1
401 0 WT02-B14-8 1
401 0 WT02-B14-9 1
401 0 WT02-B15-1 1
401 0 WT02-B15-2 1
401 0 WT02-B15-3 1
401 0 WT02-B15-4 1
401 0 WT02-B15-5 1
401 0 WT02-B15-6 1
401 0 WT02-B15-68 0
401 0 WT02-B15-7 1
401 0 WT02-B15-8 1
401 0 WT02-B16-326 0
401 0 WT02-B16-85 0
401 0 WT02-B18-27 0
401 0 WT02-B19-308 0
401 0 WT02-B20-143 0
401 0 WT02-B20-40 0
401 0 WT02-B20-42 0
401 0 WT02-B20-47 0
401 0 WT02-B20-54 0
401 0 WT02-B20-78 0
401 0 WT02-B20-79 0
401 0 WT02-B20-83 0
401 0 WT02-B23-177 0
401 0 WT02-B27-10 0
401 0 WT02-B27-133 0
401 0 WT02-B32-281 0
401 0 WT02-B33-20 0
401 0 WT02-B34-18 0
401 0 WT02-B35-5 0
401 0 WT02-B39-1 0
401 0 WT02-B40-17 0
401 0 WT02-B40-3 0
401 0 WT02-B40-4 0
401 0 WT03-B02-35 0
401 0 WT03-B03-12 0
401 0 WT03-B03-15 0
401 0 WT03-B03-5 0
401 0 WT03-B04-25 0
401 0 WT03-B04-4 0
401 0 WT03-B04-9 0
401 0 WT03-B05-10 0
401 0 WT03-B05-19 0
401 0 WT03-B06-10 0
401 0 WT03-B06-17 0
401 0 WT03-B06-25 0
401 0 WT03-B06-26 0
401 0 WT03-B06-4 0
401 0 WT03-B07-14 0
401 0 WT03-B07-17 0
401 0 WT03-B07-26 0
401 0 WT03-B07-7 0
401 0 WT03-B07-9 0
401 0 WT03-B08-14 0
401 0 WT03-B09-17 0
401 0 WT03-B10-1 0
401 0 WT03-B10-12 0
401 0 WT03-B11-19 0
401 0 WT03-B11-28 0
401 0 WT03-B12-2 0
401 0 WT03-B12-26 0
401 0 WT03-B13-4 0
401 0 WT03-B18-100 0
401 0 WT03-B19-156 0
401 0 WT03-B19-261 0
401 0 WT03-B19-402 0
401 0 WT03-B21-167 0
401 0 WT03-B24-230 0
401 0 WT03-B25-176 0
401 0 WT03-B25-273 0
401 0 WT03-B27-185 0
401 0 WT03-B28-20 0
401 0 WT03-B29-18 0
401 0 WT03-B30-5 0
401 0 WT03-B32-10 0
401 0 WT03-B33-12 0
401 0 WT03-B36-31 0
401 0 WT03-B37-24 0
401 0 WT03-B38-26 0
401 0 WT03-B39-28 0
401 0 WT03-B39-29 0
401 0 WT03-B40-13 0
401 0 WT04-B02-14 0
401 0 WT04-B02-26 0
401 0 WT04-B03-14 0
401 0 WT04-B03-19 0
401 0 WT04-B03-3 0
401 0 WT04-B03-6 0
401 0 WT04-B04-13 0
401 0 WT04-B04-21 0
401 0 WT04-B05-16 0
401 0 WT04-B05-2 0
401 0 WT04-B05-22 0
401 0 WT04-B06-15 0
401 0 WT04-B06-16 0
401 0 WT04-B06-25 0
401 0 WT04-B06-27 0
401 0 WT04-B06-32 0
401 0 WT04-B06-7 0
401 0 WT04-B07-1 0
401 0 WT04-B07-12 0
401 0 WT04-B07-28 0
401 0 WT04-B07-3 0
401 0 WT04-B09-11 0
401 0 WT04-B09-2 0
401 0 WT04-B09-22 0
401 0 WT04-B11-1 0
401 0 WT04-B11-10 0
401 0 WT04-B11-22 0
401 0 WT04-B12-14 0
401 0 WT04-B12-23 0
401 0 WT04-B15-38 0
401 0 WT04-B17-152 0
401 0 WT04-B18-247 0
401 0 WT04-B18-299 0
401 0 WT04-B18-303 0
401 0 WT04-B18-345 0
401 0 WT04-B19-232 0
401 0 WT04-B19-285 0
401 0 WT04-B19-36 0
401 0 WT04-B20-159 0
401 0 WT04-B20-161 0
401 0 WT04-B20-162 0
401 0 WT04-B21-1 0
401 0 WT04-B21-2 0
401 0 WT04-B21-4 0
401 0 WT04-B23-188 0
401 0 WT04-B24-229 0
401 0 WT04-B25-143 0
401 0 WT04-B25-25 0
401 0 WT04-B25-373 0
401 0 WT04-B25-383 0
401 0 WT04-B26-126 0
401 0 WT04-B26-180 0
401 0 WT04-B27-248 0
401 0 WT04-B28-13 0
401 0 WT04-B28-9 0
401 0 WT04-B35-281 0
401 0 WT04-B38-284 0
401 0 WT04-B38-4 0
401 0 WT05-B02-255 0
401 0 WT05-B07-17 0
401 0 WT05-B09-374 0
401 0 WT05-B10-216 0
401 0 WT05-B10-400 0
401 0 WT05-B10-92 0
401 0 WT05-B12-159 0
401 0 WT05-B13-58 0
401 0 WT05-B15-8 0
401 0 WT05-B20-10 0
401 0 WT05-B20-6 0
401 0 WT05-B20-7 0
401 0 WT05-B20-8 0
401 0 WT05-B20-9 0
401 0 WT05-B23-10 0
401 0 WT05-B23-11 0
401 0 WT05-B23-12 0
401 0 WT05-B23-16 0
401 0 WT05-B23-9 0
401 0 WT05-B31-12 0
401 0 WT05-B31-13 0
401 0 WT05-B31-14 0
401 0 WT05-B31-15 0
401 0 WT05-B31-16 0
401 0 WT05-B31-17 0
401 0 WT05-B31-3 0
401 0 WT05-B31-4 0
401 0 WT05-B31-5 0
401 0 WT05-B31-6 0
401 0 WT05-B31-7 0
401 0 WT06-B01-14 0
401 0 WT06-B15-101 0
401 0 WT06-B15-114 0
401 0 WT06-B16-26 0
401 0 WT06-B17-27 0
401 0 WT06-B28-38 0
401 0 WT06-B28-43 0
401 0 WT06-B30-145 0
401 0 WT06-B30-146 0
401 0 WT06-B30-148 0
401 0 WT06-B30-16 0
401 0 WT06-B30-36 0
401 0 WT06-B30-38 0
401 0 WT06-B30-58 0
401 0 WT06-B30-59 0
401 0 WT06-B31-26 0
401 0 WT06-B31-57 0
401 0 WT06-B32-119 0
401 0 WT06-B32-340 0
401 0 WT06-B33-1 0
401 0 WT06-B33-2 0
401 0 WT06-B33-4 0
401 0 WT06-B33-5 0
401 0 WT06-B33-6 0
401 0 WT06-B33-7 0
401 0 WT06-B33-8 0
401 0 WT06-B34-235 0
401 0 WT06-B37-174 0
401 0 WT06-B37-28 0
401 0 WT07-B02-18 0
401 0 WT07-B02-92 0
401 0 WT07-B05-104 0
401 0 WT07-B05-129 0
401 0 WT07-B05-139 0
401 0 WT07-B05-164 0
401 0 WT07-B05-171 0
401 0 WT07-B05-174 0
401 0 WT07-B05-24 0
401 0 WT07-B05-31 0
401 0 WT07-B05-34 0
401 0 WT07-B05-59 0
401 0 WT07-B05-69 0
401 0 WT07-B05-94 0
401 0 WT07-B06-13 0
401 0 WT07-B06-15 0
401 0 WT07-B06-16 0
401 0 WT07-B08-11 0
401 0 WT07-B11-406 0
401 0 WT07-B12-178 0
401 0 WT07-B13-343 0
401 0 WT07-B14-126 0
401 0 WT07-B14-344 0
401 0 WT07-B14-360 0
401 0 WT07-B14-366 0
401 0 WT07-B14-367 0
401 0 WT07-B14-368 0
401 0 WT07-B14-369 0
401 0 WT07-B14-370 0
401 0 WT07-B14-39 0
401 0 WT07-B15-102 0
401 0 WT07-B15-19 0
401 0 WT07-B15-21 0
401 0 WT07-B15-22 0
401 0 WT07-B15-23 0
401 0 WT07-B15-24 0
401 0 WT07-B15-25 0
401 0 WT07-B15-26 0
401 0 WT07-B15-27 0
401 0 WT07-B15-40 0
401 0 WT07-B15-47 0
401 0 WT07-B15-62 0
401 0 WT07-B15-70 0
401 0 WT07-B16-1 0
401 0 WT07-B16-14 0
401 0 WT07-B16-32 0
401 0 WT07-B16-40 0
401 0 WT07-B16-56 0
401 0 WT07-B16-70 0
401 0 WT07-B16-72 0
401 0 WT07-B17-2 0
401 0 WT07-B18-147 0
401 0 WT07-B18-559 0
401 0 WT07-B20-13 0
401 0 WT07-B27-177 0
401 0 WT07-B30-81 0
401 0 WT07-B30-97 0
401 0 WT07-B33-61 0
401 0 WT07-B36-27 0
401 0 WT07-B38-119 0
401 0 WT07-B38-193 0
401 0 WT07-B39-139 0
401 0 WT08-B02-137 0
401 0 WT08-B02-154 0
401 0 WT08-B05-129 0
401 0 WT08-B06-189 0
401 0 WT08-B06-191 0
401 0 WT08-B06-204 0
401 0 WT08-B08-10 0
401 0 WT08-B08-11 0
401 0 WT08-B09-267 0
401 0 WT08-B09-41 0
401 0 WT08-B09-44 0
401 0 WT08-B09-45 0
401 0 WT08-B10-31 0
401 0 WT08-B13-235 0
401 0 WT08-B13-236 0
401 0 WT08-B13-237 0
401 0 WT08-B13-239 0
401 0 WT08-B13-241 0
401 0 WT08-B13-243 0
401 0 WT08-B14-14 0
401 0 WT08-B14-15 0
401 0 WT08-B15-212 0
401 0 WT08-B16-125 0
401 0 WT08-B16-128 0
401 0 WT08-B16-132 0
401 0 WT08-B16-49 0
401 0 WT08-B16-53 0
401 0 WT08-B20-41 0
401 0 WT08-B20-9 0
401 0 WT08-B25-231 0
401 0 WT08-B25-59 0
401 0 WT08-B26-46 0
401 0 WT08-B29-7 0
401 0 WT08-B30-186 0
401 0 WT08-B31-112 0
401 0 WT08-B31-30 0
401 0 WT08-B34-150 0
401 0 WT08-B35-113 0
401 0 WT09-B04-146 0
401 0 WT09-B06-45 0
401 0 WT09-B07-7 0
401 0 WT09-B10-56 0
401 0 WT09-B12-83 0
401 0 WT09-B13-1 0
401 0 WT09-B13-20 0
401 0 WT09-B13-3 0
401 0 WT09-B13-6 0
401 0 WT09-B13-8 0
401 0 WT09-B13-80 0
401 0 WT09-B14-7 0
401 0 WT09-B15-137 0
401 0 WT09-B15-158 0
401 0 WT09-B15-193 0
401 0 WT09-B15-22 0
401 0 WT09-B15-227 0
401 0 WT09-B15-244 0
401 0 WT09-B15-42 0
401 0 WT09-B15-53 0
401 0 WT09-B15-57 0
401 0 WT09-B16-112 0
401 0 WT09-B16-113 0
401 0 WT09-B16-131 0
401 0 WT09-B16-134 0
401 0 WT09-B16-142 0
401 0 WT09-B17-166 0
401 0 WT09-B17-182 0
401 0 WT09-B17-235 0
401 0 WT09-B17-241 0
401 0 WT09-B17-292 0
401 0 WT09-B17-62 0
401 0 WT09-B18-170 0
401 0 WT09-B18-194 0
401 0 WT09-B18-212 0
401 0 WT09-B18-220 0
401 0 WT09-B18-278 0
401 0 WT09-B18-302 0
401 0 WT09-B18-86 0
401 0 WT09-B19-106 0
401 0 WT09-B19-121 1
401 0 WT09-B19-129 0
401 0 WT09-B19-132 1
401 0 WT09-B19-287 0
401 0 WT09-B19-35 0
401 0 WT09-B19-36 0
401 0 WT09-B19-37 0
401 0 WT09-B19-77 0
401 0 WT09-B19-78 0
401 0 WT09-B19-79 0
401 0 WT09-B20-112 0
401 0 WT09-B21-50 0
401 0 WT09-B21-90 0
401 0 WT09-B22-64 0
401 0 WT09-B23-17 0
401 0 WT09-B24-133 0
401 0 WT09-B24-162 0
401 0 WT09-B24-269 0
401 0 WT09-B25-117 0
401 0 WT09-B26-190 0
401 0 WT09-B27-3 0
401 0 WT09-B28-23 0
401 0 WT09-B29-30 0
401 0 WT09-B36-103 0
401 0 WT09-B37-13 0
401 0 WT09-B37-18 0
401 0 WT09-B37-19 0
401 0 WT09-B37-63 0
401 0 WT09-B39-311 0
401 0 WT09-B39-334 0
401 0 WT09-B40-404 0
401 0 WT10-B01-13 0
401 0 WT10-B01-14 0
401 0 WT10-B01-183 0
401 0 WT10-B04-127 0
401 0 WT10-B04-234 0
401 0 WT10-B04-57 0
401 0 WT10-B05-174 0
401 0 WT10-B13-229 0
401 0 WT10-B15-11 0
401 0 WT10-B18-131 0
401 0 WT10-B18-140 0
401 0 WT10-B18-26 0
401 0 WT10-B20-91 0
401 0 WT10-B21-109 0
401 0 WT10-B21-64 0
401 0 WT10-B21-81 0
401 0 WT10-B22-78 0
401 0 WT10-B23-80 0
401 0 WT10-B25-1 0
401 0 WT10-B28-119 0
401 0 WT10-B35-71 0
401 0 WT10-B35-93 0
401 0 WT10-B38-257 0
401 0 WT10-B39-232 0
401 0 WT10-B39-99 0
401 0 WT10-B40-257 1
401 0 WT10-B40-263 0
401 0 WT10-B40-265 0
401 0 WT11-B01-302 0
401 0 WT11-B02-217 0
401 0 WT11-B02-316 0
401 0 WT11-B06-16 0
401 0 WT11-B06-59 0
401 0 WT11-B07-231 0
401 0 WT11-B07-257 0
401 0 WT11-B07-293 0
401 0 WT11-B08-14 0
401 0 WT11-B09-54 0
401 0 WT11-B09-57 0
401 0 WT11-B10-402 0
401 0 WT11-B10-425 0
401 0 WT11-B10-84 0
401 0 WT11-B11-108 0
401 0 WT11-B11-23 0
401 0 WT11-B11-267 0
401 0 WT11-B13-74 0
401 0 WT11-B14-11 0
401 0 WT11-B14-278 0
401 0 WT11-B14-300 0
401 0 WT11-B14-334 0
401 0 WT11-B14-4 0
401 0 WT11-B14-6 0
401 0 WT11-B17-139 0
401 0 WT11-B25-189 0
401 0 WT11-B26-21 0
401 0 WT11-B28-118 0
401 0 WT11-B28-25 0
401 0 WT11-B29-21 0
401 0 WT11-B29-54 0
401 0 WT11-B29-90 0
401 0 WT11-B33-1 0
401 0 WT11-B34-5 0
401 0 WT11-B38-46 0
401 0 WT11-B40-68 0
401 0 WT12-B01-44 0
401 0 WT12-B03-54 0
401 0 WT12-B12-34 0
401 0 WT12-B12-52 0
401 0 WT12-B13-1 0
401 0 WT12-B13-16 0
401 0 WT12-B13-4 0
401 0 WT12-B14-131 0
401 0 WT12-B14-202 0
401 0 WT12-B15-139 0
401 0 WT12-B15-166 0
401 0 WT12-B16-20 0
401 0 WT12-B16-23 0
401 0 WT12-B17-228 0
401 0 WT12-B22-230 0
401 0 WT12-B24-112 0
401 0 WT12-B26-103 0
401 0 WT12-B26-107 0
401 0 WT12-B26-125 0
401 0 WT12-B27-55 0
401 0 WT12-B28-124 0
401 0 WT12-B28-155 0
401 0 WT12-B28-164 0
401 0 WT12-B29-274 0
401 0 WT12-B29-285 0
401 0 WT12-B29-308 0
401 0 WT12-B29-317 0
401 0 WT12-B30-3 0
401 0 WT12-B30-33 0
401 0 WT12-B30-52 0
401 0 WT13-B01-73 0
401 0 WT13-B01-75 0
401 0 WT13-B01-83 0
401 0 WT13-B02-268 0
401 0 WT13-B02-80 0
401 0 WT13-B05-110 0
401 0 WT13-B06-1 0
401 0 WT13-B07-31 0
401 0 WT13-B07-51 0
401 0 WT13-B08-16 0
401 0 WT13-B08-3 0
401 0 WT13-B08-58 0
401 0 WT13-B08-76 0
401 0 WT13-B10-281 0
401 0 WT13-B10-282 0
401 0 WT13-B10-283 0
401 0 WT13-B10-284 0
401 0 WT13-B10-289 0
401 0 WT13-B11-147 0
401 0 WT13-B11-153 0
401 0 WT13-B11-154 0
401 0 WT13-B11-155 0
401 0 WT13-B11-156 0
401 0 WT13-B11-187 0
401 0 WT13-B11-198 0
401 0 WT13-B11-207 0
401 0 WT13-B11-208 0
401 0 WT13-B11-246 0
401 0 WT13-B11-295 0
401 0 WT13-B11-297 0
401 0 WT13-B11-306 0
401 0 WT13-B11-339 0
401 0 WT13-B12-178 0
401 0 WT13-B12-20 1
401 0 WT13-B14-117 0
401 0 WT13-B17-334 0
401 0 WT13-B20-78 0
401 0 WT13-B25-103 0
401 0 WT13-B25-135 0
401 0 WT13-B25-192 0
401 0 WT13-B26-25 0
401 0 WT13-B26-33 0
401 0 WT13-B29-81 0
401 0 WT13-B33-105 0
401 0 WT13-B33-4 0
401 0 WT13-B37-284 0
401 0 WT13-B39-38 0
401 0 WT13-B39-507 0
401 0 WT13-B39-508 0
401 0 WT13-B39-511 0
401 0 WT13-B39-526 0
401 0 WT13-B39-528 0
401 0 WT13-B39-542 0
401 0 WT13-B39-96 0
401 0 WT14-B01-41 0
401 0 WT14-B02-266 0
401 0 WT14-B02-294 0
401 0 WT14-B02-316 0
401 0 WT14-B02-403 0
401 0 WT14-B03-54 0
401 0 WT14-B03-56 0
401 0 WT14-B03-80 0
401 0 WT14-B04-33 0
401 0 WT14-B07-34 0
401 0 WT14-B09-18 0
401 0 WT14-B11-162 0
401 0 WT14-B11-186 0
401 0 WT14-B11-197 0
401 0 WT14-B11-27 0
401 0 WT14-B11-46 0
401 0 WT14-B11-53 0
401 0 WT14-B13-353 0
401 0 WT14-B14-1 0
401 0 WT14-B14-2 0
401 0 WT14-B14-3 0
401 0 WT14-B15-238 0
401 0 WT14-B15-572 0
401 0 WT14-B16-171 0
401 0 WT14-B16-177 0
401 0 WT14-B16-96 0
401 0 WT14-B17-274 0
401 0 WT14-B19-51 0
401 0 WT14-B19-76 0
401 0 WT14-B21-231 0
401 0 WT14-B21-7 0
401 0 WT14-B21-9 0
401 0 WT14-B22-56 0
401 0 WT14-B24-12 0
401 0 WT14-B30-21 0
401 0 WT14-B31-458 0
401 0 WT14-B34-141 0
401 0 WT14-B35-112 0
401 0 WT14-B35-79 0
401 0 WT14-B37-307 0
401 0 WT15-B05-20 0
401 0 WT15-B05-27 0
401 0 WT15-B06-1 0
401 0 WT15-B06-9 0
401 0 WT15-B08-323 0
401 0 WT15-B09-22 0
401 0 WT15-B11-100 0
401 0 WT15-B11-98 0
401 0 WT15-B12-133 0
401 0 WT15-B13-185 0
401 0 WT15-B13-69 0
401 0 WT15-B16-33 0
401 0 WT15-B18-292 0
401 0 WT15-B19-14 0
401 0 WT15-B21-87 0
401 0 WT15-B23-42 0
401 0 WT15-B23-55 0
401 0 WT15-B24-51 0
401 0 WT15-B24-53 0
401 0 WT15-B24-8 0
401 0 WT15-B25-5 0
401 0 WT15-B28-148 0
401 0 WT15-B28-28 0
401 0 WT15-B29-217 0
401 0 WT15-B29-42 0
401 0 WT15-B30-149 0
401 0 WT15-B30-186 0
401 0 WT15-B30-6 0
401 0 WT15-B31-89 0
401 0 WT16-B03-95 0
401 0 WT16-B05-215 0
401 0 WT16-B05-83 0
401 0 WT16-B05-85 0
401 0 WT16-B09-73 0
401 0 WT16-B10-219 0
401 0 WT16-B11-148 0
401 0 WT16-B11-74 0
401 0 WT16-B13-68 0
401 0 WT16-B14-17 0
401 0 WT16-B16-38 0
401 0 WT16-B16-86 0
401 0 WT16-B17-33 0
401 0 WT16-B17-35 0
401 0 WT16-B20-65 0
401 0 WT16-B21-13 0
401 0 WT16-B21-68 0
401 0 WT16-B22-121 0
401 0 WT16-B22-161 0
401 0 WT16-B24-136 0
401 0 WT16-B24-147 0
401 0 WT16-B24-23 0
401 0 WT16-B25-279 0
401 0 WT16-B29-28 0
401 0 WT16-B30-105 0
401 0 WT16-B30-107 0
401 0 WT16-B31-91 0
401 0 WT16-B34-158 0
401 0 WT16-B36-160 0
401 0 WT16-B36-283 0
401 0 WT16-B37-22 0
401 0 WT16-B39-96 0
401 0 WT17-B02-12 0
401 0 WT17-B02-46 0
401 0 WT17-B02-48 0
401 0 WT17-B03-11 0
401 0 WT17-B05-38 0
401 0 WT17-B06-32 0
401 0 WT17-B07-128 0
401 0 WT17-B07-235 0
401 0 WT17-B07-241 0
401 0 WT17-B07-252 0
401 0 WT17-B08-15 0
401 0 WT17-B11-130 0
401 0 WT17-B13-102 0
401 0 WT17-B13-103 0
401 0 WT17-B13-107 0
401 0 WT17-B13-108 0
401 0 WT17-B14-29 0
401 0 WT17-B15-136 0
401 0 WT17-B15-16 0
401 0 WT17-B15-168 0
401 0 WT17-B15-4 0
401 0 WT17-B16-115 0
401 0 WT17-B16-21 0
401 0 WT17-B16-47 0
401 0 WT17-B17-124 0
401 0 WT17-B17-154 0
401 0 WT17-B17-162 0
401 0 WT17-B18-1 0
401 0 WT17-B18-118 0
401 0 WT17-B18-132 0
401 0 WT17-B18-20 0
401 0 WT17-B18-200 0
401 0 WT17-B18-241 0
401 0 WT17-B19-129 0
401 0 WT17-B19-58 0
401 0 WT17-B20-122 0
401 0 WT17-B20-30 0
401 0 WT17-B20-62 0
401 0 WT17-B21-101 0
401 0 WT17-B21-104 0
401 0 WT17-B21-126 0
401 0 WT17-B21-127 0
401 0 WT17-B22-101 0
401 0 WT17-B22-105 0
401 0 WT17-B22-168 0
401 0 WT17-B22-209 0
401 0 WT17-B24-26 0
401 0 WT17-B24-3 0
401 0 WT17-B24-33 0
401 0 WT17-B24-34 0
401 0 WT17-B24-9 0
401 0 WT17-B25-22 0
401 0 WT17-B25-31 0
401 0 WT17-B25-41 0
401 0 WT17-B26-1 0
401 0 WT17-B26-19 0
401 0 WT17-B26-20 0
401 0 WT17-B26-39 0
401 0 WT17-B27-23 0
401 0 WT17-B27-32 0
401 0 WT17-B27-34 0
401 0 WT17-B27-35 0
401 0 WT17-B27-8 0
401 0 WT17-B28-20 0
401 0 WT17-B28-25 0
401 0 WT17-B28-29 0
401 0 WT17-B28-41 0
401 0 WT17-B28-52 0
401 0 WT17-B28-7 0
401 0 WT17-B28-8 0
401 0 WT17-B29-10 0
401 0 WT17-B29-13 0
401 0 WT17-B29-19 0
401 0 WT17-B29-32 0
401 0 WT17-B29-35 0
401 0 WT17-B29-38 0
401 0 WT17-B29-44 0
401 0 WT17-B29-50 0
401 0 WT17-B29-53 0
401 0 WT17-B29-57 0
401 0 WT17-B29-6 0
401 0 WT17-B29-9 0
401 0 WT17-B34-178 0
401 0 WT17-B36-69 0
401 0 WT17-B37-1 0
401 0 WT18-B04-180 1
401 0 WT18-B07-39 0
401 0 WT18-B08-1 0
401 0 WT18-B10-57 0
401 0 WT18-B10-65 1
401 0 WT18-B11-112 0
401 0 WT18-B12-6 0
401 0 WT18-B13-18 0
401 0 WT18-B16-324 0
401 0 WT18-B17-13 0
401 0 WT18-B17-199 0
401 0 WT18-B17-227 0
401 0 WT18-B17-256 0
401 0 WT18-B20-55 0
401 0 WT18-B20-56 0
401 0 WT18-B20-57 0
401 0 WT18-B20-60 0
401 0 WT18-B27-260 0
401 0 WT18-B28-216 0
401 0 WT18-B34-358 0
401 0 WT18-B34-398 0
401 0 WT18-B34-425 0
401 0 WT18-B36-130 0
401 0 WT18-B36-214 0
401 0 WT18-B36-288 0
401 0 WT19-B06-52 0
401 0 WT19-B07-100 0
401 0 WT19-B12-10 0
401 0 WT19-B15-16 0
401 0 WT19-B17-154 0
401 0 WT19-B17-22 0
401 0 WT19-B17-24 0
401 0 WT19-B18-109 0
401 0 WT19-B18-189 0
401 0 WT19-B20-100 0
401 0 WT19-B20-12 0
401 0 WT19-B20-14 0
401 0 WT19-B21-120 0
401 0 WT19-B21-33 0
401 0 WT19-B23-333 0
401 0 WT19-B25-129 0
401 0 WT19-B26-200 0
401 0 WT19-B26-228 0
401 0 WT19-B26-265 0
401 0 WT19-B27-222 0
401 0 WT19-B28-80 0
401 0 WT19-B31-115 0
401 0 WT19-B31-152 0
401 0 WT19-B32-183 0
401 0 WT19-B34-19 0
401 0 WT19-B34-47 0
401 0 WT19-B35-210 0
401 0 WT19-B37-1 0
401 0 WT19-B37-2 0
401 0 WT19-B37-61 0
401 0 WT19-B38-222 0
401 0 WT19-B40-119 0
401 0 WT20-B09-473 0
401 0 WT20-B11-128 0
401 0 WT20-B11-132 0
401 0 WT20-B13-140 0
401 0 WT20-B13-148 0
401 0 WT20-B13-149 0
401 0 WT20-B13-154 0
401 0 WT20-B15-485 0
401 0 WT20-B16-32 0
401 0 WT20-B20-69 0
401 0 WT20-B20-71 0
401 0 WT20-B21-121 0
401 0 WT20-B21-13 0
401 0 WT20-B22-11 0
401 0 WT20-B22-15 0
401 0 WT20-B23-44 0
401 0 WT20-B25-199 0
401 0 WT20-B25-258 0
401 0 WT20-B27-129 0
401 0 WT20-B28-49 0
401 0 WT20-B29-18 0
401 0 WT20-B29-20 0
401 0 WT20-B29-25 0
401 0 WT20-B29-31 0
401 0 WT20-B31-10 0
401 0 WT20-B31-26 0
401 0 WT20-B31-39 0
401 0 WT20-B31-74 0
401 0 WT20-B34-221 0
401 0 WT20-B35-47 0
401 0 WT20-B35-98 0
401 0 WT20-B36-157 0
401 0 WT20-B36-209 0
401 0 WT20-B37-139 0
401 0 WT20-B37-94 0
401 0 WT20-B39-29 0
401 0 WT20-B40-112 0
401 0 WT21-B07-1 0
401 0 WT21-B07-34 0
401 0 WT21-B10-145 0
401 0 WT21-B10-173 0
401 0 WT21-B10-40 0
401 0 WT21-B13-123 0
401 0 WT21-B15-14 0
401 0 WT21-B16-184 0
401 0 WT21-B16-317 1
401 0 WT21-B19-128 0
401 0 WT21-B19-152 0
401 0 WT21-B20-114 0
401 0 WT21-B20-149 1
401 0 WT21-B22-192 0
401 0 WT21-B23-63 0
401 0 WT21-B25-16 0
401 0 WT21-B25-32 0
401 0 WT21-B25-7 0
401 0 WT21-B29-101 0
401 0 WT21-B31-92 0
401 0 WT21-B32-195 0
401 0 WT21-B33-1 0
401 0 WT21-B33-54 0
401 0 WT21-B35-104 0
401 0 WT21-B35-14 0
401 0 WT21-B36-56 0
401 0 WT21-B37-112 0
401 0 WT21-B37-116 0
401 0 WT21-B37-196 0
401 0 WT21-B37-81 0
401 0 WT21-B37-98 0
401 0 WT21-B38-300 0
401 0 WT21-B38-58 0
401 0 WT21-B38-59 0
401 0 WT21-B38-77 0
401 0 WT21-B38-80 0
401 0 WT21-B38-88 0
401 0 WT21-B39-110 0
401 0 WT21-B39-169 0
401 0 WT21-B39-220 0
401 0 WT21-B39-306 0
401 0 WT21-B40-148 0
401 0 WT22-B01-44 0
401 0 WT22-B02-20 0
401 0 WT22-B02-37 0
401 0 WT22-B02-374 0
401 0 WT22-B07-142 0
401 0 WT22-B07-34 0
401 0 WT22-B10-172 0
401 0 WT22-B10-199 0
401 0 WT22-B10-370 0
401 0 WT22-B17-207 0
401 0 WT22-B17-209 0
401 0 WT22-B17-260 0
401 0 WT22-B17-261 0
401 0 WT22-B17-263 0
401 0 WT22-B17-264 0
401 0 WT22-B17-267 0
401 0 WT22-B17-271 0
401 0 WT22-B18-1 0
401 0 WT22-B21-557 0
401 0 WT22-B28-82 0
401 0 WT22-B31-59 0
401 0 WT22-B31-65 0
401 0 WT22-B32-21 0
401 0 WT22-B33-76 0
401 0 WT22-B34-75 0
401 0 WT22-B34-98 0
401 0 WT22-B35-17 0
401 0 WT22-B35-24 0
401 0 WT22-B35-35 0
401 0 WT22-B35-4 0
401 0 WT22-B35-57 0
401 0 WT22-B36-17 0
401 0 WT22-B37-130 0
401 0 WT22-B37-31 0
401 0 WT22-B38-348 0
401 0 WT22-B40-296 0
401 0 WT22-B40-340 0
401 0 WT22-B40-341 0
401 0 WT22-B40-344 0
401 0 WT22-B40-346 0
401 0 WT22-B40-347 0
401 0 WT23-B01-1 0
401 0 WT23-B01-100 0
401 0 WT23-B01-120 0
401 0 WT23-B01-123 0
401 0 WT23-B01-13 0
401 0 WT23-B01-2 0
401 0 WT23-B01-85 0
401 0 WT23-B01-9 0
401 0 WT23-B12-218 0
401 0 WT23-B13-101 0
401 0 WT23-B13-102 0
401 0 WT23-B13-16 0
401 0 WT23-B13-23 0
401 0 WT23-B13-52 0
401 0 WT23-B13-81 0
401 0 WT23-B13-96 0
401 0 WT23-B14-37 0
401 0 WT23-B15-316 0
401 0 WT23-B19-51 0
401 0 WT23-B24-56 0
401 0 WT23-B24-6 0
401 0 WT23-B24-68 0
401 0 WT23-B25-45 0
401 0 WT23-B26-38 0
401 0 WT23-B33-191 0
401 0 WT23-B35-105 0
401 0 WT23-B35-37 0
401 0 WT23-B36-61 0
401 0 WT24-B03-241 0
401 0 WT24-B03-245 0
401 0 WT24-B03-246 0
401 0 WT24-B03-248 0
401 0 WT24-B03-250 0
401 0 WT24-B03-251 0
401 0 WT24-B03-252 0
401 0 WT24-B03-253 0
401 0 WT24-B03-254 0
401 0 WT24-B03-255 0
401 0 WT24-B03-257 0
401 0 WT24-B03-258 0
401 0 WT24-B03-259 0
401 0 WT24-B03-260 0
401 0 WT24-B03-261 0
401 0 WT24-B03-93 0
401 0 WT24-B03-98 0
401 0 WT24-B04-153 0
401 0 WT24-B04-275 0
401 0 WT24-B04-277 0
401 0 WT24-B04-280 0
401 0 WT24-B04-282 0
401 0 WT24-B04-285 0
401 0 WT24-B04-288 0
401 0 WT24-B04-291 0
401 0 WT24-B04-293 0
401 0 WT24-B04-294 0
401 0 WT24-B04-295 0
401 0 WT24-B04-297 0
401 0 WT24-B04-298 0
401 0 WT24-B04-304 0
401 0 WT24-B04-308 0
401 0 WT24-B04-309 0
401 0 WT24-B04-310 0
401 0 WT24-B04-313 0
401 0 WT24-B04-318 0
401 0 WT24-B04-319 0
401 0 WT24-B04-322 0
401 0 WT24-B04-323 0
401 0 WT24-B05-11 0
401 0 WT24-B05-14 0
401 0 WT24-B05-15 0
401 0 WT24-B05-17 0
401 0 WT24-B05-19 0
401 0 WT24-B05-2 0
401 0 WT24-B05-22 0
401 0 WT24-B05-23 0
401 0 WT24-B05-3 0
401 0 WT24-B05-5 0
401 0 WT24-B05-6 0
401 0 WT24-B08-98 0
401 0 WT24-B11-104 0
401 0 WT24-B11-184 0
401 0 WT24-B11-274 0
401 0 WT24-B11-423 0
401 0 WT24-B11-424 0
401 0 WT24-B11-81 0
401 0 WT24-B12-291 0
401 0 WT24-B13-12 0
401 0 WT24-B13-164 0
401 0 WT24-B13-171 0
401 0 WT24-B13-173 0
401 0 WT24-B13-175 0
401 0 WT24-B13-176 0
401 0 WT24-B13-178 0
401 0 WT24-B13-180 0
401 0 WT24-B13-2 0
401 0 WT24-B18-33 0
401 0 WT24-B18-34 0
401 0 WT24-B20-199 0
401 0 WT24-B21-104 0
401 0 WT24-B21-123 0
401 0 WT24-B21-59 0
401 0 WT24-B21-61 0
401 0 WT24-B21-75 0
401 0 WT24-B21-83 0
401 0 WT24-B21-87 0
401 0 WT24-B22-168 0
401 0 WT24-B22-21 0
401 0 WT24-B23-267 0
401 0 WT24-B23-268 0
401 0 WT24-B25-84 0
401 0 WT24-B26-204 0
401 0 WT24-B32-26 0
401 0 WT24-B32-28 0
401 0 WT24-B36-22 0
401 0 WT25-B05-129 0
401 0 WT25-B05-9 0
401 0 WT25-B06-27 0
401 0 WT25-B06-35 0
401 0 WT25-B06-48 0
401 0 WT25-B06-68 0
401 0 WT25-B07-59 0
401 0 WT25-B08-116 0
401 0 WT25-B09-105 0
401 0 WT25-B09-49 0
401 0 WT25-B09-69 0
401 0 WT25-B09-80 0
401 0 WT25-B09-99 0
401 0 WT25-B10-13 0
401 0 WT25-B10-2 0
401 0 WT25-B10-20 0
401 0 WT25-B10-3 0
401 0 WT25-B11-25 0
401 0 WT25-B12-305 0
401 0 WT25-B12-306 0
401 0 WT25-B12-307 0
401 0 WT25-B12-308 0
401 0 WT25-B12-309 0
401 0 WT25-B12-310 0
401 0 WT25-B12-311 0
401 0 WT25-B12-312 0
401 0 WT25-B12-313 0
401 0 WT25-B12-314 0
401 0 WT25-B13-252 0
401 0 WT25-B15-342 0
401 0 WT25-B18-100 0
401 0 WT25-B18-82 0
401 0 WT25-B18-98 0
401 0 WT25-B19-51 0
401 0 WT25-B20-317 0
401 0 WT25-B21-185 0
401 0 WT25-B21-189 0
401 0 WT25-B21-235 0
401 0 WT25-B21-318 0
401 0 WT25-B21-326 0
401 0 WT25-B21-397 0
401 0 WT25-B21-398 0
401 0 WT25-B21-406 0
401 0 WT25-B21-407 0
401 0 WT25-B30-87 0
401 0 WT25-B37-246 0
401 0 WT26-B01-94 0
401 0 WT26-B02-195 0
401 0 WT26-B13-44 0
401 0 WT26-B21-139 0
401 0 WT26-B21-140 0
401 0 WT26-B21-147 0
401 0 WT26-B21-52 0
401 0 WT26-B21-54 0
401 0 WT26-B21-92 0
401 0 WT26-B22-2 0
401 0 WT26-B23-450 0
401 0 WT26-B24-22 0
401 0 WT26-B28-151 0
401 0 WT26-B28-153 0
401 0 WT26-B31-29 0
401 0 WT26-B32-114 0
401 0 WT26-B33-136 0
401 0 WT26-B33-44 0
401 0 WT26-B36-1 0
401 0 WT26-B37-160 0
401 0 WT26-B37-171 0
401 0 WT26-B37-245 0
401 0 WT26-B40-50 0
401 0 WT27-B01-78 0
401 0 WT27-B02-63 0
401 0 WT27-B02-76 0
401 0 WT27-B03-22 0
401 0 WT27-B03-24 0
401 0 WT27-B08-133 0
401 0 WT27-B08-87 0
401 0 WT27-B10-23 0
401 0 WT27-B11-24 0
401 0 WT27-B14-26 0
401 0 WT27-B14-98 0
401 0 WT27-B19-276 0
401 0 WT27-B19-361 0
401 0 WT27-B20-214 0
401 0 WT27-B27-231 0
401 0 WT27-B27-234 0
401 0 WT27-B27-391 0
401 0 WT27-B29-100 0
401 0 WT27-B29-101 0
401 0 WT27-B29-102 0
401 0 WT27-B29-103 0
401 0 WT27-B29-104 0
401 0 WT27-B29-105 0
401 0 WT27-B29-99 0
401 0 WT27-B31-301 0
